Move 0:
 1  2  4  8 
 5  7 11 10 
13 15     3 
14  6  9 12 

Move 1:
 1  2  4  8 
 5  7    10 
13 15 11  3 
14  6  9 12 

Move 2:
 1  2  4  8 
 5  7 10    
13 15 11  3 
14  6  9 12 

Move 3:
 1  2  4  8 
 5  7 10  3 
13 15 11    
14  6  9 12 

Move 4:
 1  2  4  8 
 5  7 10  3 
13 15    11 
14  6  9 12 

Move 5:
 1  2  4  8 
 5  7 10  3 
13    15 11 
14  6  9 12 

Move 6:
 1  2  4  8 
 5  7 10  3 
13  6 15 11 
14     9 12 

Move 7:
 1  2  4  8 
 5  7 10  3 
13  6 15 11 
14  9    12 

Move 8:
 1  2  4  8 
 5  7 10  3 
13  6    11 
14  9 15 12 

Move 9:
 1  2  4  8 
 5  7     3 
13  6 10 11 
14  9 15 12 

Move 10:
 1  2  4  8 
 5  7  3    
13  6 10 11 
14  9 15 12 

Move 11:
 1  2  4    
 5  7  3  8 
13  6 10 11 
14  9 15 12 

Move 12:
 1  2     4 
 5  7  3  8 
13  6 10 11 
14  9 15 12 

Move 13:
 1  2  3  4 
 5  7     8 
13  6 10 11 
14  9 15 12 

Move 14:
 1  2  3  4 
 5     7  8 
13  6 10 11 
14  9 15 12 

Move 15:
 1  2  3  4 
 5  6  7  8 
13    10 11 
14  9 15 12 

Move 16:
 1  2  3  4 
 5  6  7  8 
13  9 10 11 
14    15 12 

Move 17:
 1  2  3  4 
 5  6  7  8 
13  9 10 11 
   14 15 12 

Move 18:
 1  2  3  4 
 5  6  7  8 
    9 10 11 
13 14 15 12 

Move 19:
 1  2  3  4 
 5  6  7  8 
 9    10 11 
13 14 15 12 

Move 20:
 1  2  3  4 
 5  6  7  8 
 9 10    11 
13 14 15 12 

Move 21:
 1  2  3  4 
 5  6  7  8 
 9 10 11    
13 14 15 12 

Move 22:
 1  2  3  4 
 5  6  7  8 
 9 10 11 12 
13 14 15    

