Move 0:
14 10  6    
 4  9  1  8 
 2  3  5 11 
12 13  7 15 

Move 1:
14 10     6 
 4  9  1  8 
 2  3  5 11 
12 13  7 15 

Move 2:
14    10  6 
 4  9  1  8 
 2  3  5 11 
12 13  7 15 

Move 3:
14  9 10  6 
 4     1  8 
 2  3  5 11 
12 13  7 15 

Move 4:
14  9 10  6 
    4  1  8 
 2  3  5 11 
12 13  7 15 

Move 5:
    9 10  6 
14  4  1  8 
 2  3  5 11 
12 13  7 15 

Move 6:
 9    10  6 
14  4  1  8 
 2  3  5 11 
12 13  7 15 

Move 7:
 9  4 10  6 
14     1  8 
 2  3  5 11 
12 13  7 15 

Move 8:
 9  4 10  6 
14  1     8 
 2  3  5 11 
12 13  7 15 

Move 9:
 9  4     6 
14  1 10  8 
 2  3  5 11 
12 13  7 15 

Move 10:
 9     4  6 
14  1 10  8 
 2  3  5 11 
12 13  7 15 

Move 11:
 9  1  4  6 
14    10  8 
 2  3  5 11 
12 13  7 15 

Move 12:
 9  1  4  6 
14  3 10  8 
 2     5 11 
12 13  7 15 

Move 13:
 9  1  4  6 
14  3 10  8 
    2  5 11 
12 13  7 15 

Move 14:
 9  1  4  6 
    3 10  8 
14  2  5 11 
12 13  7 15 

Move 15:
    1  4  6 
 9  3 10  8 
14  2  5 11 
12 13  7 15 

Move 16:
 1     4  6 
 9  3 10  8 
14  2  5 11 
12 13  7 15 

Move 17:
 1  3  4  6 
 9    10  8 
14  2  5 11 
12 13  7 15 

Move 18:
 1  3  4  6 
 9  2 10  8 
14     5 11 
12 13  7 15 

Move 19:
 1  3  4  6 
 9  2 10  8 
14 13  5 11 
12     7 15 

Move 20:
 1  3  4  6 
 9  2 10  8 
14 13  5 11 
   12  7 15 

Move 21:
 1  3  4  6 
 9  2 10  8 
   13  5 11 
14 12  7 15 

Move 22:
 1  3  4  6 
 9  2 10  8 
13     5 11 
14 12  7 15 

Move 23:
 1  3  4  6 
 9  2 10  8 
13  5    11 
14 12  7 15 

Move 24:
 1  3  4  6 
 9  2 10  8 
13  5 11    
14 12  7 15 

Move 25:
 1  3  4  6 
 9  2 10    
13  5 11  8 
14 12  7 15 

Move 26:
 1  3  4    
 9  2 10  6 
13  5 11  8 
14 12  7 15 

Move 27:
 1  3     4 
 9  2 10  6 
13  5 11  8 
14 12  7 15 

Move 28:
 1     3  4 
 9  2 10  6 
13  5 11  8 
14 12  7 15 

Move 29:
 1  2  3  4 
 9    10  6 
13  5 11  8 
14 12  7 15 

Move 30:
 1  2  3  4 
 9  5 10  6 
13    11  8 
14 12  7 15 

Move 31:
 1  2  3  4 
 9  5 10  6 
13 12 11  8 
14     7 15 

Move 32:
 1  2  3  4 
 9  5 10  6 
13 12 11  8 
14  7    15 

Move 33:
 1  2  3  4 
 9  5 10  6 
13 12     8 
14  7 11 15 

Move 34:
 1  2  3  4 
 9  5 10  6 
13    12  8 
14  7 11 15 

Move 35:
 1  2  3  4 
 9  5 10  6 
13  7 12  8 
14    11 15 

Move 36:
 1  2  3  4 
 9  5 10  6 
13  7 12  8 
   14 11 15 

Move 37:
 1  2  3  4 
 9  5 10  6 
    7 12  8 
13 14 11 15 

Move 38:
 1  2  3  4 
    5 10  6 
 9  7 12  8 
13 14 11 15 

Move 39:
 1  2  3  4 
 5    10  6 
 9  7 12  8 
13 14 11 15 

Move 40:
 1  2  3  4 
 5 10     6 
 9  7 12  8 
13 14 11 15 

Move 41:
 1  2  3  4 
 5 10  6    
 9  7 12  8 
13 14 11 15 

Move 42:
 1  2  3  4 
 5 10  6  8 
 9  7 12    
13 14 11 15 

Move 43:
 1  2  3  4 
 5 10  6  8 
 9  7    12 
13 14 11 15 

Move 44:
 1  2  3  4 
 5 10  6  8 
 9     7 12 
13 14 11 15 

Move 45:
 1  2  3  4 
 5     6  8 
 9 10  7 12 
13 14 11 15 

Move 46:
 1  2  3  4 
 5  6     8 
 9 10  7 12 
13 14 11 15 

Move 47:
 1  2  3  4 
 5  6  7  8 
 9 10    12 
13 14 11 15 

Move 48:
 1  2  3  4 
 5  6  7  8 
 9 10 11 12 
13 14    15 

Move 49:
 1  2  3  4 
 5  6  7  8 
 9 10 11 12 
13 14 15    

